function rainbow = get_rainbow_palette()

rainbow = [1 0 0; 1 140/255 0; 1 1 0; 0 1 0; 0 205/255 0;...
    0 191/255 1; 0 0 238/255; 148/255 0 211/255;...
    1 0 0; 1 140/255 0; 1 1 0; 0 1 0; 0 205/255 0;...
    0 191/255 1; 0 0 238/255; 148/255 0 211/255;...
    1 0 0; 1 140/255 0; 1 1 0; 0 1 0; 0 205/255 0;...
    0 191/255 1; 0 0 238/255; 148/255 0 211/255;...
    1 0 0; 1 140/255 0; 1 1 0; 0 1 0; 0 205/255 0;...
    0 191/255 1; 0 0 238/255; 148/255 0 211/255;...
    1 0 0; 1 140/255 0; 1 1 0; 0 1 0; 0 205/255 0;...
    0 191/255 1; 0 0 238/255; 148/255 0 211/255;...
    1 0 0; 1 140/255 0; 1 1 0; 0 1 0; 0 205/255 0;...
    0 191/255 1; 0 0 238/255; 148/255 0 211/255;...
    1 0 0; 1 140/255 0; 1 1 0; 0 1 0; 0 205/255 0;...
    0 191/255 1; 0 0 238/255; 148/255 0 211/255;...
    1 0 0; 1 140/255 0; 1 1 0; 0 1 0; 0 205/255 0;...
    0 191/255 1; 0 0 238/255; 148/255 0 211/255;...
    1 0 0; 1 140/255 0; 1 1 0; 0 1 0; 0 205/255 0;...
    0 191/255 1; 0 0 238/255; 148/255 0 211/255;...
    1 0 0; 1 140/255 0; 1 1 0; 0 1 0; 0 205/255 0;...
    0 191/255 1; 0 0 238/255; 148/255 0 211/255;...
    1 0 0; 1 140/255 0; 1 1 0; 0 1 0; 0 205/255 0;...
    0 191/255 1; 0 0 238/255; 148/255 0 211/255;...
    1 0 0; 1 140/255 0; 1 1 0; 0 1 0; 0 205/255 0;...
    0 191/255 1; 0 0 238/255; 148/255 0 211/255;...
    1 0 0; 1 140/255 0; 1 1 0; 0 1 0; 0 205/255 0;...
    0 191/255 1; 0 0 238/255; 148/255 0 211/255;...
    1 0 0; 1 140/255 0; 1 1 0; 0 1 0; 0 205/255 0;...
    0 191/255 1; 0 0 238/255; 148/255 0 211/255;...
    1 0 0; 1 140/255 0; 1 1 0; 0 1 0; 0 205/255 0;...
    0 191/255 1; 0 0 238/255; 148/255 0 211/255;...
    1 0 0; 1 140/255 0; 1 1 0; 0 1 0; 0 205/255 0;...
    0 191/255 1; 0 0 238/255; 148/255 0 211/255;...
    1 0 0; 1 140/255 0; 1 1 0; 0 1 0; 0 205/255 0;...
    0 191/255 1; 0 0 238/255; 148/255 0 211/255;...
    1 0 0; 1 140/255 0; 1 1 0; 0 1 0; 0 205/255 0;...
    0 191/255 1; 0 0 238/255; 148/255 0 211/255;...
    1 0 0; 1 140/255 0; 1 1 0; 0 1 0; 0 205/255 0;...
    0 191/255 1; 0 0 238/255; 148/255 0 211/255;...
    1 0 0; 1 140/255 0; 1 1 0; 0 1 0; 0 205/255 0;...
    0 191/255 1; 0 0 238/255; 148/255 0 211/255;...
    1 0 0; 1 140/255 0; 1 1 0; 0 1 0; 0 205/255 0;...
    0 191/255 1; 0 0 238/255; 148/255 0 211/255];